50 200
1 2
1 3
2 3
4 5
4 6
5 6
4 7
5 7
6 8
7 8
8 9
8 10
9 10
10 11
9 11
12 13
12 14
13 14
12 15
13 15
14 15
16 17
16 18
17 18
16 19
17 19
18 19
16 20
17 20
18 20
1 4
5 12
6 9
7 13
10 15
3 14
21 22
21 23
22 23
21 24
22 24
23 24
25 26
25 27
26 27
25 28
26 28
27 28
29 30
29 21
30 22
21 5
15 29
28 4
11 17
18 9
13 26
8 24
3 20
7 14
32 33
32 34
33 34
32 35
33 35
34 35
36 37
36 38
37 38
36 39
37 39
38 39
40 41
41 42
40 43
43 44
44 45
45 46
47 48
49 50
47 49
48 50
1 10
12 35
14 46
40 9
25 18
3 50
42 39
13 16
37 48
29 31
31 19
31 32
10 45
7 49
