Questao 4
Processo 0: Matriz inicializada.
Processo 2 recebeu 250 linhas.
Processo 1 recebeu 250 linhas.
Processo 1 calculou as seguintes médias locais: 50.18 50.20 50.12 50.55 50.58 50.75 50.36 49.32 50.58 50.29 50.24 50.98 49.82 50.40 51.49 51.04 50.66 49.18 50.34 50.59 51.64 51.07 50.66 50.53 50.55 49.51 50.38 49.97 49.70 50.92 50.96 51.82 49.14 51.70 50.38 50.66 49.28 49.35 50.46 51.24 50.66 50.98 49.07 52.19 50.77 51.24 51.38 51.09 50.35 52.33 52.96 50.75 48.81 51.28 50.48 50.72 49.24 50.35 51.21 50.40 50.46 50.89 49.76 49.52 49.32 50.01 50.57 52.10 51.38 50.74 50.64 49.82 50.50 50.05 51.19 52.14 51.34 50.95 50.58 49.92 51.13 50.34 51.26 51.86 50.83 52.47 48.65 49.80 52.12 50.35 50.84 49.92 51.86 51.84 50.41 50.71 51.75 49.70 51.30 51.86 49.56 51.73 51.36 52.39 48.94 51.91 50.08 49.15 49.40 50.89 49.34 49.97 49.59 50.68 48.49 50.08 50.08 48.83 48.95 51.44 50.50 50.48 50.02 48.95 51.28 51.44 50.51 51.01 50.37 51.29 51.17 49.24 50.11 50.61 51.79 50.46 50.50 48.55 49.85 49.97 49.46 48.94 50.59 50.60 51.94 50.59 50.84 49.20 49.67 50.45 50.36 50.42 49.75 51.69 49.92 50.07 50.91 49.41 50.85 50.01 50.37 51.02 49.53 51.17 49.25 49.27 51.14 48.53 48.43 49.45 51.00 49.91 50.78 48.08 50.63 50.72 52.42 51.42 49.85 50.33 50.54 52.08 48.59 50.36 50.99 50.77 49.77 50.80 50.16 51.02 50.26 49.82 51.58 49.84 52.61 50.86 50.03 50.49 51.30 49.86 48.41 50.35 50.06 49.70 49.66 50.45 49.99 52.05 51.20 50.50 50.63 49.49 50.81 51.13 51.90 50.73 49.34 50.64 51.37 51.29 50.73 49.96 52.04 51.51 50.82 50.79 49.24 50.67 51.34 49.91 50.95 50.70 50.14 49.71 51.36 50.21 51.73 49.45 49.27 51.17 51.04 50.45 49.34 50.73 49.96 51.28 50.89 50.14 49.96 51.82 
Processo 2 calculou as seguintes médias locais: 49.92 49.50 50.52 52.62 49.87 51.12 50.12 51.90 50.42 51.27 49.81 51.55 50.03 52.15 49.07 51.83 51.08 49.55 50.25 51.22 48.44 50.38 49.37 50.76 49.51 49.55 51.18 52.02 50.73 50.63 48.30 51.14 50.74 50.36 50.20 49.82 50.63 50.98 51.15 50.15 51.42 50.07 50.59 51.84 49.94 50.24 49.24 49.85 49.15 50.49 50.76 51.83 51.13 49.83 50.03 50.24 49.92 48.62 50.31 49.95 48.74 49.38 49.71 49.73 49.04 48.99 49.82 49.50 49.75 50.90 51.41 49.58 52.37 49.74 49.19 50.37 49.23 51.32 49.60 50.64 50.85 49.55 50.38 50.44 52.03 50.54 49.92 49.84 49.84 49.34 52.75 50.83 51.14 51.30 48.87 50.38 49.48 50.85 50.54 48.72 51.45 52.18 50.62 49.93 50.70 49.73 50.24 51.12 50.98 49.64 50.68 49.62 50.81 51.73 50.11 49.49 50.31 48.98 50.04 51.42 49.58 49.60 49.99 50.00 51.18 49.69 50.81 49.57 50.18 50.36 50.56 51.22 51.02 53.45 52.79 48.88 50.48 50.14 51.29 51.81 51.09 51.39 49.77 49.41 51.63 51.26 50.02 51.17 49.16 50.48 49.48 51.13 50.36 50.00 50.08 48.37 51.06 50.40 50.04 50.87 49.64 51.38 50.47 51.12 49.40 51.91 50.71 50.07 50.82 50.63 49.65 50.61 49.50 50.91 50.70 51.63 50.60 50.34 49.11 49.34 49.05 50.50 50.67 50.42 49.89 50.92 51.55 49.74 49.29 49.66 49.55 50.00 49.56 50.84 50.04 48.19 51.46 50.24 50.63 51.20 49.25 50.80 52.12 50.49 50.42 50.26 50.08 52.10 49.59 47.82 49.37 50.34 51.27 51.50 51.98 51.71 50.41 51.85 50.20 49.25 49.46 51.24 50.13 51.62 51.73 50.40 50.37 50.56 51.00 50.46 51.51 51.70 50.00 50.23 50.20 49.32 49.52 50.50 50.24 51.80 48.91 49.56 50.21 51.35 49.34 51.30 50.71 49.96 50.50 51.11 
Processo 0 recebeu 250 linhas.
Processo 0 calculou as seguintes médias locais: 50.83 50.07 51.24 49.71 50.85 49.07 50.08 51.04 48.22 49.72 50.65 48.67 49.85 50.88 51.01 50.32 49.55 49.07 50.61 51.48 50.41 50.56 49.47 48.67 49.52 50.11 50.61 49.92 49.95 50.50 49.47 50.07 51.26 49.43 50.38 49.17 49.30 51.12 49.98 50.35 50.94 52.38 50.99 51.43 49.37 49.91 50.20 51.62 50.80 52.21 49.82 49.59 49.71 49.34 50.09 50.91 50.76 50.52 50.22 48.88 47.57 52.11 48.59 51.00 50.50 50.22 49.14 50.89 50.39 49.60 50.37 49.59 51.31 49.41 50.96 50.16 49.91 51.40 49.34 49.85 51.58 50.93 49.89 49.28 50.74 50.17 50.16 50.40 49.88 49.50 50.12 49.73 48.21 49.84 49.63 50.83 50.05 52.85 52.34 49.85 49.24 50.86 51.34 50.07 48.69 49.60 51.42 51.34 51.67 50.62 49.17 51.03 50.90 50.35 51.82 50.75 50.01 50.33 49.94 49.34 51.71 51.43 50.77 50.50 49.39 52.06 50.64 50.82 48.93 51.78 51.48 50.51 52.19 50.85 50.72 50.77 50.89 50.46 49.27 50.68 50.24 49.62 49.96 51.12 50.03 50.84 50.52 49.84 51.19 49.73 49.60 48.17 50.85 52.49 49.61 49.58 48.96 51.80 48.58 49.12 52.02 51.42 50.11 49.42 51.59 50.06 50.31 50.49 50.35 49.50 51.32 50.46 52.08 51.61 51.08 48.84 51.76 49.77 50.75 49.35 50.95 51.59 50.11 51.50 53.00 50.52 50.50 51.78 50.94 48.64 50.88 50.72 50.11 50.46 49.54 50.90 51.39 50.66 51.73 48.59 50.59 50.44 51.67 50.12 49.48 51.17 49.70 49.79 50.94 50.72 49.88 50.90 50.17 50.07 51.33 50.69 51.21 50.29 49.48 50.11 49.41 49.24 50.63 49.31 49.36 52.22 49.59 51.05 51.65 51.47 49.37 49.52 50.43 50.78 50.37 51.30 51.16 48.76 50.49 51.77 49.16 50.80 50.50 50.63 50.93 50.50 51.44 49.93 50.19 49.64 
Processo 3 recebeu 250 linhas.
Processo 0: Recebeu médias de todos os processos.
Overall Average of All Rows: 50.44
Processo 3 calculou as seguintes médias locais: 50.76 51.24 50.05 50.85 50.15 49.20 49.68 51.16 50.76 49.58 51.51 50.36 50.51 49.20 51.51 50.46 49.80 50.83 50.86 50.05 50.18 51.19 51.32 50.41 49.05 49.91 50.32 51.27 49.56 50.31 51.09 51.12 50.35 50.63 52.06 50.64 50.81 49.67 51.47 51.17 50.52 49.65 51.51 49.42 50.86 50.23 49.09 51.93 50.50 52.09 50.42 50.46 51.14 49.69 49.19 49.28 49.94 50.50 50.42 49.09 51.95 48.00 50.88 51.87 52.00 49.47 49.95 49.57 48.77 50.20 49.28 49.76 51.10 49.60 51.40 49.03 50.22 51.15 49.53 50.94 51.18 49.64 50.26 49.64 50.83 49.53 50.65 50.47 49.41 51.13 49.84 50.48 50.76 49.89 50.40 51.16 49.92 50.70 50.70 50.92 50.38 52.18 50.50 50.76 49.82 50.44 50.05 51.06 50.61 50.90 50.04 51.33 49.90 51.74 49.38 50.87 51.59 49.40 50.69 51.88 50.50 50.10 51.05 49.50 50.01 51.04 50.65 51.40 50.25 49.33 50.80 50.23 50.64 51.48 49.87 50.87 50.54 51.24 50.28 50.63 51.09 51.72 50.78 51.31 50.21 49.67 50.56 49.05 50.47 50.38 50.49 50.30 49.91 49.61 51.72 50.87 51.11 49.72 50.66 50.42 51.00 51.30 50.75 51.23 50.47 49.99 49.65 50.90 51.51 50.97 51.47 49.27 50.00 51.49 51.65 51.77 50.92 51.92 50.78 50.56 50.23 50.09 50.35 51.45 50.43 51.96 50.98 49.47 50.78 51.56 49.60 49.34 50.74 50.96 51.70 51.12 51.08 49.11 50.08 49.70 49.28 52.27 53.11 48.88 50.58 49.86 50.49 50.45 50.78 51.17 50.69 52.17 50.82 50.39 50.92 49.24 50.38 49.30 51.05 51.91 50.59 48.13 52.06 50.31 49.28 52.33 51.39 49.80 49.75 49.65 50.09 49.59 50.16 48.59 51.22 49.75 50.07 49.82 49.62 51.53 50.15 51.73 48.89 50.19 49.86 49.03 51.50 50.40 52.67 50.11 
 
Questao 4 teste com matriz fixa para comparar o resultado e ver se ele está fazendo o cáculo correto
Overall Average of All Rows: 8.5
